[38;2;0;0;0m                                                                                                                                                     
[38;2;0;0;0m                                                                            [38;2;93;104;146m░[38;2;43;50;71m [38;2;0;0;0m                     [38;2;72;81;113m░[38;2;0;0;0m                                                 
[38;2;0;0;0m                                                                           [38;2;93;104;146m░░░[38;2;0;0;0m                     [38;2;93;104;146m░░[38;2;0;0;0m                                                
[38;2;0;0;0m                                                                          [38;2;106;121;170m░[38;2;93;105;147m░[38;2;93;104;146m░░[38;2;0;0;0m                    [38;2;59;67;94m░[38;2;93;104;146m░[38;2;104;119;168m░[38;2;103;118;165m░[38;2;0;0;0m                                               
[38;2;0;0;0m                                                                         [38;2;93;104;146m░[38;2;150;164;224m▒[38;2;93;104;146m░░░[38;2;0;0;0m                    [38;2;93;104;146m░░[38;2;105;120;169m░[38;2;150;164;224m▒[38;2;9;11;16m [38;2;0;0;0m                                              
[38;2;0;0;0m                                                                         [38;2;94;105;148m░[38;2;150;164;224m▒[38;2;93;104;146m░░░[38;2;0;0;0m                    [38;2;93;104;146m░░[38;2;106;122;171m░[38;2;94;106;149m░[38;2;93;104;146m░[38;2;0;0;0m                                              
[38;2;0;0;0m                                                                        [38;2;93;104;146m░[38;2;106;122;171m░[38;2;98;112;157m░[38;2;93;104;146m░░░[38;2;0;0;0m                   [38;2;93;104;146m░░░[38;2;106;122;171m░[38;2;93;104;146m░░[38;2;0;0;0m                                              
[38;2;0;0;0m                                                                        [38;2;93;104;146m░[38;2;98;110;153m░[38;2;93;104;146m░░░[38;2;92;103;145m░[38;2;0;0;0m                  [38;2;73;80;109m░[38;2;93;104;145m░[38;2;93;104;146m░░[38;2;105;121;170m░[38;2;93;104;146m░░[38;2;0;0;0m                                              
[38;2;0;0;0m                                                                        [38;2;93;104;145m░[38;2;93;104;146m░[38;2;92;103;145m░[38;2;75;82;112m░░░[38;2;0;0;0m                 [38;2;66;73;100m░[38;2;75;82;112m░[38;2;75;83;113m░[38;2;93;104;146m░░[38;2;105;121;170m░[38;2;93;104;146m░[38;2;43;48;67m [38;2;0;0;0m                                              
[38;2;0;0;0m                                                                        [38;2;71;78;108m░[38;2;75;82;112m░░░░░[38;2;6;7;10m [38;2;0;0;0m    [38;2;74;81;111m░[38;2;0;0;0m          [38;2;72;78;108m░[38;2;75;82;112m░░░░[38;2;87;97;134m░[38;2;80;89;121m░[38;2;80;89;122m░[38;2;0;0;0m                                               
[38;2;0;0;0m                                                                        [38;2;61;67;97m░[38;2;66;73;103m░[38;2;133;145;204m▒[38;2;67;73;103m░░[38;2;61;67;97m░░[38;2;0;0;0m  [38;2;11;12;20m [38;2;55;61;91m [38;2;0;0;0m      [38;2;51;57;87m [38;2;50;55;87m [38;2;0;0;0m  [38;2;65;72;102m░[38;2;67;73;103m░[38;2;75;82;112m░░░░░░[38;2;0;0;0m                                                
[38;2;0;0;0m                                                                         [38;2;52;58;88m [38;2;51;57;87m     [38;2;4;5;8m [38;2;39;39;81m [38;2;50;56;86m [38;2;0;0;0m   [38;2;71;94;105m░[38;2;135;175;196m▒▒▒[38;2;49;54;84m [38;2;39;39;81m [38;2;23;24;51m [38;2;51;57;87m [38;2;61;67;97m░░[38;2;62;68;98m░[38;2;66;73;103m░[38;2;67;73;103m░[38;2;67;73;104m░[38;2;67;73;103m░[38;2;0;0;0m             [38;2;6;4;2m [38;2;243;175;124m▒▒▒▒▒▒[38;2;0;0;0m                             
[38;2;0;0;0m                                                                        [38;2;39;39;81m [38;2;51;57;87m       [38;2;37;38;77m [38;2;52;68;84m░[38;2;114;149;176m▒▒▒▒▒▒▒[38;2;0;0;0m [38;2;39;39;81m [38;2;47;50;85m [38;2;51;57;87m      [38;2;52;58;89m [38;2;0;0;0m            [38;2;11;8;5m [38;2;243;175;124m▒▒▒[38;2;254;255;192m▓▓[38;2;243;175;124m▒▒▒▒[38;2;0;0;0m                            
[38;2;0;0;0m                                                                         [38;2;15;15;35m [38;2;51;57;87m     [38;2;60;66;97m░[38;2;121;158;182m▒[38;2;135;175;195m▒[38;2;137;178;197m▒[38;2;148;190;206m▒▒▒▒[38;2;143;184;201m▒[38;2;135;175;196m▒[38;2;114;149;176m▒[38;2;44;49;75m [38;2;51;57;87m      [38;2;2;3;5m [38;2;1;1;2m [38;2;0;0;0m           [38;2;79;55;37m [38;2;243;175;124m▒▒▒▒▒▒▒▒▒▒▒[38;2;0;0;0m                           
[38;2;0;0;0m                                                                            [38;2;13;15;23m [38;2;11;12;21m [38;2;30;41;47m [38;2;167;214;225m▓[38;2;168;216;226m▓▓▓▓▓▓▓▓▓▓[38;2;168;215;225m▓[38;2;145;187;201m▒[38;2;51;56;83m [38;2;60;66;97m░░[38;2;0;0;1m [38;2;116;152;178m▒[38;2;147;190;206m▒[38;2;135;175;196m▒[38;2;114;149;176m▒[38;2;0;0;0m          [38;2;243;172;121m▒[38;2;243;174;123m▒▒[38;2;243;175;124m▒▒▒▒▒▒▒▒▒[38;2;0;0;0m  [38;2;24;17;11m [38;2;243;175;124m▒▒▒▒[38;2;122;87;60m░[38;2;0;0;0m                   
[38;2;0;0;0m                                                                           [38;2;168;216;226m▓▓▓▓▓▓▓▓▓▓▓▓▓▓▓▓▓[38;2;149;192;201m▒[38;2;0;0;0m [38;2;12;13;18m [38;2;1;2;2m [38;2;168;216;226m▓▓▓[38;2;148;190;206m▒[38;2;114;149;176m▒[38;2;0;0;0m        [38;2;37;22;13m [38;2;240;144;93m▒[38;2;241;151;101m▒[38;2;242;165;115m▒[38;2;242;166;116m▒[38;2;242;164;114m▒[38;2;243;171;120m▒[38;2;243;172;121m▒[38;2;243;174;123m▒▒▒[38;2;243;175;124m▒▒▒▒▒▒▒▒▒▒▒▒[38;2;25;18;12m [38;2;0;0;0m                
[38;2;0;0;0m                                                                          [38;2;168;216;226m▓[38;2;18;25;26m [38;2;0;0;0m [38;2;14;20;21m [38;2;168;216;226m▓▓▓▓▓▓▓▓▓▓▓▓[38;2;0;0;0m [38;2;51;57;87m [38;2;73;80;110m░[38;2;70;77;105m░[38;2;74;81;111m░[38;2;75;82;112m░░[38;2;10;11;16m [38;2;168;216;226m▓[38;2;163;210;221m▓[38;2;128;167;189m▒[38;2;105;137;162m▒[38;2;0;0;0m      [38;2;172;176;199m▒[38;2;146;90;64m░[38;2;240;144;93m▒▒▒▒▒▒▒▒▒[38;2;240;146;95m▒[38;2;241;153;102m▒[38;2;242;168;117m▒[38;2;242;168;118m▒[38;2;242;168;117m▒[38;2;242;165;114m▒[38;2;241;148;97m▒[38;2;243;170;119m▒[38;2;243;173;122m▒[38;2;243;174;123m▒▒▒▒▒[38;2;0;0;0m                
[38;2;0;0;0m                                                                         [38;2;168;216;226m▓[38;2;129;143;210m▒[38;2;1;1;2m [38;2;40;52;55m [38;2;3;5;6m [38;2;50;56;86m [38;2;168;216;226m▓▓▓▓▓▓▓▓▓▓[38;2;164;210;221m▓[38;2;114;149;176m▒▒[38;2;167;214;225m▓[38;2;168;216;226m▓▓▓▓[38;2;16;18;25m [38;2;0;0;0m [38;2;168;216;226m▓[38;2;148;190;206m▒[38;2;114;149;176m▒[38;2;0;0;0m     [38;2;172;173;178m▒[38;2;255;255;255m██████[38;2;21;21;21m [38;2;240;144;93m▒▒▒▒▒▒▒▒▒▒▒▒▒[38;2;240;147;96m▒[38;2;240;149;99m▒[38;2;240;149;98m▒[38;2;241;154;103m▒[38;2;241;149;98m▒[38;2;0;0;0m                
[38;2;0;0;0m                                                                         [38;2;168;216;226m▓▓▓▓[38;2;167;214;224m▓[38;2;116;152;178m▒[38;2;114;149;176m▒[38;2;149;193;208m▒[38;2;168;216;226m▓▓▓▓▓▓▓[38;2;167;215;225m▓[38;2;114;149;176m▒[38;2;98;128;151m░[38;2;50;51;59m [38;2;172;176;199m▒▒▒[38;2;13;14;16m [38;2;168;216;226m▓▓[38;2;0;0;0m [38;2;168;216;226m▓[38;2;148;190;206m▒[38;2;114;149;176m▒[38;2;0;0;0m    [38;2;173;175;185m▒[38;2;254;254;254m▓[38;2;255;255;255m█████[38;2;253;253;254m▓[38;2;227;228;235m▓[38;2;0;0;0m [38;2;239;144;93m▒[38;2;240;144;93m▒▒▒▒▒▒▒▒▒▒▒▒▒[38;2;239;144;93m▒[38;2;237;142;92m▒[38;2;0;0;0m                 
[38;2;0;0;0m                                                                        [38;2;14;19;20m [38;2;168;216;226m▓[38;2;19;20;22m [38;2;172;176;199m▒[38;2;7;7;8m [38;2;51;57;87m  [38;2;114;149;176m▒[38;2;113;148;175m▒[38;2;160;206;218m▓[38;2;168;216;226m▓▓▓▓▓▓▓[38;2;165;213;223m▓[38;2;172;176;199m▒[38;2;0;0;0m [38;2;61;67;97m░░[38;2;66;73;103m░[38;2;60;66;96m░[38;2;168;171;194m▒[38;2;117;151;158m▒[38;2;168;216;226m▓▓[38;2;148;190;206m▒[38;2;114;149;176m▒[38;2;0;0;0m    [38;2;19;19;22m [38;2;200;204;218m▓[38;2;222;224;233m▓[38;2;225;227;235m▓▓[38;2;224;226;234m▓[38;2;206;209;222m▓[38;2;204;207;220m▓[38;2;170;174;196m▒[38;2;193;118;82m▒[38;2;211;128;86m▒[38;2;228;137;90m▒[38;2;238;143;93m▒[38;2;239;144;93m▒[38;2;240;144;93m▒▒▒▒▒▒[38;2;238;144;93m▒[38;2;228;137;90m▒[38;2;211;128;86m▒▒[38;2;82;47;32m [38;2;0;0;0m                  
[38;2;0;0;0m                                                                        [38;2;13;18;18m [38;2;150;194;208m▒[38;2;203;206;220m▓[38;2;180;180;181m▒[38;2;74;81;111m░[38;2;72;79;109m░[38;2;255;255;255m█[38;2;51;57;87m [38;2;141;182;199m▒[38;2;168;216;226m▓▓▓▓▓▓▓▓[38;2;73;74;75m░[38;2;255;255;255m█[38;2;75;82;112m░░[38;2;255;255;255m██[38;2;75;82;112m░░[38;2;67;67;67m░[38;2;168;216;226m▓▓[38;2;148;190;206m▒[38;2;114;149;176m▒[38;2;0;0;0m     [38;2;12;12;14m [38;2;172;176;199m▒[38;2;171;175;198m▒[38;2;5;3;2m [38;2;160;99;74m░[38;2;160;99;73m░░░░░[38;2;190;116;81m▒[38;2;194;118;82m▒[38;2;202;123;84m▒▒[38;2;204;124;85m▒[38;2;199;122;84m▒[38;2;203;123;84m▒[38;2;192;117;82m▒▒[38;2;175;107;77m░[38;2;160;99;73m░[38;2;0;0;0m                     
[38;2;0;0;0m                                                               [38;2;167;152;116m▒▒[38;2;146;130;104m▒[38;2;167;152;116m▒▒[38;2;118;106;91m░[38;2;105;93;79m░[38;2;59;51;43m [38;2;78;67;56m░[38;2;0;0;0m [38;2;164;211;220m▓[38;2;255;255;255m█[38;2;1;1;1m [38;2;75;82;112m░[38;2;86;97;134m░[38;2;255;255;255m█[38;2;78;86;116m░[38;2;17;19;26m [38;2;168;216;226m▓▓▓▓▓▓▓▓[38;2;234;234;234m▓[38;2;255;255;255m█[38;2;75;83;113m░[38;2;104;118;166m░[38;2;190;195;215m▓[38;2;255;255;255m█[38;2;103;117;164m░[38;2;1;1;2m [38;2;0;0;0m [38;2;168;216;226m▓▓[38;2;147;188;205m▒[38;2;40;52;62m [38;2;113;147;174m▒[38;2;135;175;196m▒[38;2;77;102;113m░[38;2;0;0;0m  [38;2;172;176;199m▒▒▒[38;2;170;174;197m▒[38;2;160;99;73m░░░░░░░░░░░░[38;2;56;33;24m [38;2;0;0;0m                         
[38;2;0;0;0m                                                             [38;2;166;151;115m▒[38;2;167;152;116m▒[38;2;162;146;113m▒[38;2;135;119;97m░[38;2;134;118;98m░[38;2;84;76;57m░[38;2;166;150;115m▒[38;2;96;83;70m░░░[38;2;114;149;176m▒▒[38;2;165;212;222m▓[38;2;250;250;250m▓[38;2;255;255;255m█[38;2;83;93;127m░[38;2;104;119;167m░[38;2;150;164;224m▒[38;2;103;117;165m░[38;2;0;0;0m [38;2;98;121;125m░[38;2;149;186;192m▒[38;2;34;45;47m [38;2;50;65;68m [38;2;168;216;226m▓▓▓▓[38;2;167;215;225m▓[38;2;255;255;255m██[38;2;1;1;2m [38;2;103;117;164m░[38;2;14;17;25m [38;2;255;255;255m█[38;2;4;7;8m [38;2;168;216;226m▓▓[38;2;156;201;214m▒[38;2;114;149;176m▒▒[38;2;135;175;196m▒[38;2;0;0;0m    [38;2;51;57;87m [38;2;55;57;64m [38;2;172;176;199m▒▒[38;2;30;17;12m [38;2;12;6;3m [38;2;0;0;0m [38;2;70;71;81m░[38;2;171;175;198m▒[38;2;172;176;199m▒▒[38;2;0;0;0m                               
[38;2;0;0;0m                                                            [38;2;39;35;26m [38;2;165;149;114m▒[38;2;139;116;87m░[38;2;90;75;56m░[38;2;143;120;89m░░░░[38;2;96;83;70m░░░[38;2;75;65;54m░[38;2;114;149;176m▒[38;2;56;75;89m░[38;2;168;216;226m▓▓[38;2;5;7;7m [38;2;66;66;66m░[38;2;0;0;0m [38;2;186;227;234m▓[38;2;187;227;235m▓▓▓[38;2;185;226;234m▓[38;2;168;216;226m▓▓▓▓▓▓▓▓[38;2;148;191;199m▒[38;2;164;211;221m▓[38;2;168;216;226m▓▓▓▓[38;2;166;213;223m▓[38;2;129;168;190m▒[38;2;90;119;141m░[38;2;20;28;33m [38;2;0;0;0m   [38;2;65;71;98m░[38;2;60;66;96m░[38;2;51;57;87m [38;2;0;0;0m  [38;2;106;109;123m░[38;2;172;176;199m▒[38;2;167;171;192m▒[38;2;0;0;0m                                    
[38;2;0;0;0m                                                            [38;2;141;118;88m░[38;2;143;120;89m░[38;2;116;98;78m░[38;2;143;120;89m░░[38;2;115;98;78m░[38;2;113;96;77m░[38;2;96;83;70m░░░░░░[38;2;114;149;176m▒[38;2;124;162;186m▒[38;2;168;216;226m▓▓▓▓▓[38;2;180;224;232m▓[38;2;182;225;232m▓[38;2;168;216;226m▓▓▓▓▓▓▓▓▓▓[38;2;167;215;225m▓[38;2;168;216;226m▓▓▓▓[38;2;149;192;208m▒[38;2;124;163;186m▒[38;2;5;6;8m [38;2;67;105;159m░[38;2;0;0;0m  [38;2;59;65;94m░[38;2;72;79;109m░[38;2;75;82;112m░[38;2;68;75;103m░[38;2;0;0;0m                                          
[38;2;0;0;0m                                                             [38;2;112;95;76m░[38;2;143;120;89m░[38;2;142;119;88m░[38;2;106;90;74m░[38;2;85;73;60m░[38;2;96;83;70m░░░[38;2;76;65;54m░[38;2;255;255;255m█[38;2;172;176;199m▒[38;2;153;157;178m▒[38;2;11;9;7m [38;2;112;108;156m░[38;2;114;150;171m▒[38;2;168;216;226m▓▓▓[38;2;164;211;221m▓[38;2;168;216;226m▓▓▓▓▓▓▓▓[38;2;8;11;11m [38;2;165;212;222m▓[38;2;168;216;226m▓▓▓▓▓[38;2;167;214;224m▓[38;2;148;190;206m▒[38;2;15;25;40m [38;2;87;134;201m▒[38;2;90;139;205m▒[38;2;102;157;223m▒[38;2;83;128;191m░[38;2;51;57;87m [38;2;54;59;90m [38;2;74;81;111m░[38;2;0;0;0m                                            
[38;2;0;0;0m                                                              [38;2;20;17;14m [38;2;96;83;70m░░░░░░[38;2;253;253;253m▓[38;2;247;248;249m▓[38;2;172;176;199m▒▒▒[38;2;0;0;0m  [38;2;39;39;81m [38;2;0;0;0m [38;2;168;216;226m▓▓▓▓▓[38;2;255;255;255m█[38;2;254;254;254m▓[38;2;255;255;255m█[38;2;251;251;251m▓[38;2;168;216;226m▓▓▓▓▓▓▓[38;2;16;21;24m [38;2;129;154;173m▒[38;2;85;131;198m░[38;2;96;149;214m▒[38;2;112;173;238m▒[38;2;126;193;255m▒[38;2;139;204;255m▒[38;2;142;209;255m▓[38;2;126;193;255m▒[38;2;0;0;0m                      [38;2;145;141;140m▒[38;2;0;0;0m   [38;2;233;228;226m▓▓▓▓▓▓▓▓▓[38;2;233;228;225m▓[38;2;227;220;217m▓[38;2;0;0;0m         
[38;2;0;0;0m                                                               [38;2;27;22;19m [38;2;96;83;70m░░[38;2;30;25;20m [38;2;111;94;75m░[38;2;112;95;75m░[38;2;102;87;69m░[38;2;68;57;45m [38;2;0;0;0m      [38;2;67;94;189m░[38;2;55;78;158m░[38;2;129;154;173m▒▒[38;2;3;4;4m [38;2;168;216;226m▓▓▓▓▓▓▓▓[38;2;9;12;13m [38;2;129;154;173m▒▒▒▒▒▒[38;2;1;3;5m [38;2;125;191;255m▒[38;2;126;193;255m▒[38;2;138;204;255m▒[38;2;126;193;255m▒[38;2;0;0;0m [38;2;87;133;201m░░[38;2;65;102;155m░[38;2;0;0;0m                [38;2;233;228;226m▓▓▓▓▓▓▓▓▓▓[38;2;232;227;225m▓[38;2;233;228;226m▓▓▓▓[38;2;230;223;220m▓[38;2;225;217;213m▓[38;2;0;0;0m          
[38;2;0;0;0m                                                                             [38;2;0;0;1m [38;2;129;154;173m▒▒[38;2;141;168;183m▒[38;2;154;181;193m▒▒▒[38;2;152;179;192m▒[38;2;140;167;182m▒[38;2;132;157;176m▒[38;2;145;172;187m▒[38;2;155;182;194m▒[38;2;154;181;193m▒▒▒[38;2;152;179;192m▒[38;2;129;154;173m▒▒▒▒▒▒[38;2;0;0;0m [38;2;129;154;173m▒[38;2;38;54;113m [38;2;67;94;189m░[38;2;78;117;196m░[38;2;87;133;201m░░[38;2;86;133;200m░[38;2;0;0;0m            [38;2;225;217;213m▓[38;2;231;224;221m▓[38;2;233;228;226m▓▓▓▓▓▓[38;2;230;225;223m▓[38;2;233;228;226m▓▓[38;2;216;211;210m▓[38;2;233;228;226m▓▓▓[38;2;233;227;225m▓[38;2;228;221;217m▓[38;2;226;218;214m▓[38;2;200;195;197m▓[38;2;0;0;0m           
[38;2;0;0;0m                                                                              [38;2;129;154;173m▒[38;2;141;167;182m▒[38;2;129;154;173m▒[38;2;153;180;193m▒[38;2;169;197;204m▒▒▒▒▒▒▒▒[38;2;162;190;199m▒[38;2;143;169;183m▒[38;2;129;154;173m▒[38;2;47;57;59m [38;2;190;221;222m▓[38;2;188;220;220m▓[38;2;164;192;200m▒[38;2;129;154;173m▒▒▒▒[38;2;0;0;0m [38;2;67;94;189m░░░[38;2;87;133;201m░░░[38;2;0;0;0m         [38;2;204;197;198m▓[38;2;226;218;214m▓▓[38;2;227;219;215m▓[38;2;232;227;224m▓[38;2;233;228;226m▓▓[38;2;26;25;24m [38;2;233;228;226m▓▓▓▓▓[38;2;233;228;225m▓[38;2;232;227;224m▓[38;2;228;221;218m▓[38;2;226;218;214m▓▓[38;2;199;194;197m▓[38;2;115;112;114m░[38;2;0;0;0m            
[38;2;0;0;0m                                                            [38;2;81;108;137m░[38;2;139;183;234m▒[38;2;126;168;219m▒[38;2;30;44;63m [38;2;0;0;0m [38;2;83;111;137m░[38;2;108;145;201m▒[38;2;31;42;59m [38;2;130;125;188m▒▒▒▒[38;2;0;0;0m [38;2;1;1;2m [38;2;0;0;0m   [38;2;34;49;103m [38;2;176;206;210m▓[38;2;190;222;222m▓▓[38;2;204;230;231m▓[38;2;205;231;232m▓▓[38;2;210;234;235m▓[38;2;213;235;237m▓[38;2;211;235;236m▓[38;2;205;231;232m▓▓▓▓[38;2;201;228;229m▓[38;2;190;222;222m▓▓▓▓[38;2;189;220;221m▓[38;2;133;158;176m▒[38;2;129;154;173m▒[38;2;47;75;105m░[38;2;126;193;255m▒▒[38;2;134;200;255m▒[38;2;123;188;254m▒[38;2;3;5;14m [38;2;67;94;189m░[38;2;86;132;201m░[38;2;87;133;201m░[38;2;85;131;197m░[38;2;0;0;0m       [38;2;199;194;197m▓[38;2;225;217;213m▓[38;2;226;218;214m▓▓▓[38;2;217;209;205m▓[38;2;230;223;220m▓[38;2;232;227;224m▓[38;2;233;228;225m▓▓▓[38;2;232;227;224m▓[38;2;231;225;222m▓[38;2;227;220;216m▓[38;2;226;218;214m▓▓[38;2;201;196;197m▓[38;2;199;194;197m▓[38;2;178;174;182m▒[38;2;0;0;0m              
[38;2;0;0;0m                                                       [38;2;73;86;95m░[38;2;200;234;255m▓[38;2;187;227;255m▓[38;2;180;223;255m▓▓[38;2;179;222;255m▓[38;2;168;215;255m▓[38;2;152;200;249m▒[38;2;131;173;225m▒[38;2;108;145;201m▒▒[38;2;79;106;148m░[38;2;108;145;201m▒▒[38;2;128;123;186m▒[38;2;130;125;188m▒▒▒[38;2;3;3;5m [38;2;67;65;99m░[38;2;0;0;0m  [38;2;67;94;189m░[38;2;163;190;200m▒[38;2;190;222;222m▓▓[38;2;192;222;223m▓[38;2;205;231;232m▓▓[38;2;223;240;241m▓[38;2;251;253;253m▓[38;2;214;236;238m▓[38;2;212;235;236m▓[38;2;205;231;232m▓▓[38;2;205;230;232m▓[38;2;190;222;222m▓▓▓▓[38;2;175;205;209m▓[38;2;129;154;173m▒[38;2;79;95;107m░[38;2;129;154;173m▒[38;2;110;170;236m▒[38;2;126;193;255m▒[38;2;143;209;255m▓[38;2;143;210;255m▓[38;2;124;191;255m▒[38;2;75;82;112m░░[38;2;66;72;99m░[38;2;73;114;170m░[38;2;87;134;201m▒[38;2;0;0;0m     [38;2;146;146;160m▒[38;2;152;151;166m▒[38;2;197;192;195m▓[38;2;223;215;212m▓[38;2;226;218;214m▓[38;2;144;139;137m▒[38;2;226;218;214m▓[38;2;220;212;208m▓[38;2;226;218;214m▓▓▓▓▓▓[38;2;225;217;213m▓[38;2;199;194;197m▓▓[38;2;184;179;187m▒[38;2;2;2;2m [38;2;0;0;0m                
[38;2;0;0;0m                                                      [38;2;1;2;2m [38;2;202;235;255m▓[38;2;202;234;255m▓[38;2;198;233;255m▓[38;2;191;229;255m▓[38;2;180;223;255m▓▓[38;2;179;222;255m▓[38;2;159;210;255m▓▓[38;2;114;152;207m▒[38;2;108;145;201m▒▒▒[38;2;1;1;1m [38;2;255;255;255m█[38;2;225;226;234m▓[38;2;172;176;199m▒▒[38;2;130;125;188m▒▒[38;2;0;0;0m    [38;2;150;177;190m▒[38;2;190;222;222m▓▓[38;2;9;11;11m [38;2;186;211;212m▓[38;2;199;225;226m▓[38;2;208;231;233m▓[38;2;206;229;231m▓[38;2;195;219;221m▓[38;2;158;178;179m▒[38;2;190;222;222m▓▓▓▓▓▓▓[38;2;171;200;206m▓[38;2;129;154;173m▒▒[38;2;15;26;41m [38;2;87;134;201m▒▒▒▒[38;2;12;19;37m [38;2;43;47;83m [38;2;51;57;87m [38;2;67;74;104m░[38;2;75;82;112m░[38;2;3;3;5m [38;2;255;255;255m█[38;2;179;182;203m▒[38;2;109;112;126m░[38;2;150;149;163m▒[38;2;152;151;166m▒▒▒▒[38;2;114;111;113m░[38;2;207;201;201m▓[38;2;226;218;214m▓▓▓▓[38;2;225;217;213m▓[38;2;201;195;197m▓[38;2;199;194;197m▓[38;2;196;190;195m▓[38;2;182;178;186m▒[38;2;0;0;0m                    
[38;2;0;0;0m                                                         [38;2;178;211;233m▓[38;2;180;223;255m▓▓[38;2;178;222;255m▓[38;2;159;210;255m▓▓[38;2;158;208;254m▓[38;2;108;145;201m▒▒[38;2;83;112;156m░[38;2;108;145;201m▒[38;2;110;110;111m░[38;2;255;255;255m█[38;2;223;224;233m▓[38;2;172;176;199m▒[38;2;172;176;198m▒[38;2;130;125;188m▒[38;2;0;0;0m    [38;2;67;94;189m░[38;2;54;63;90m [38;2;190;222;222m▓[38;2;191;222;222m▓[38;2;205;231;232m▓▓[38;2;207;232;233m▓[38;2;248;252;252m▓[38;2;255;255;255m█[38;2;214;236;238m▓[38;2;205;231;232m▓▓▓[38;2;192;222;223m▓[38;2;190;222;222m▓▓▓[38;2;189;221;221m▓[38;2;167;195;203m▒[38;2;129;154;173m▒▒[38;2;20;24;32m [38;2;67;94;189m░░░░░░░[38;2;67;94;188m░[38;2;50;56;86m [38;2;172;176;199m▒▒[38;2;0;0;1m [38;2;213;215;226m▓[38;2;255;255;255m█[38;2;249;249;249m▓[38;2;31;31;34m [38;2;88;87;97m░[38;2;152;151;166m▒▒▒▒[38;2;166;163;175m▒[38;2;172;169;179m▒[38;2;177;174;183m▒[38;2;172;169;179m▒[38;2;0;0;0m                        
[38;2;0;0;0m                                                                  [38;2;108;145;201m▒▒▒▒[38;2;0;0;0m [38;2;130;125;188m▒[38;2;0;0;0m      [38;2;67;94;189m░░[38;2;7;12;27m [38;2;189;221;221m▓[38;2;203;230;231m▓[38;2;205;230;232m▓[38;2;204;230;231m▓[38;2;205;231;232m▓[38;2;253;254;254m▓[38;2;205;231;232m▓▓▓[38;2;205;230;232m▓[38;2;190;222;222m▓▓▓[38;2;136;161;178m▒[38;2;109;130;146m░[38;2;129;154;173m▒▒[38;2;64;91;181m░[38;2;67;94;189m░░░░░░░░░[38;2;172;176;199m▒▒▒▒[38;2;250;251;251m▓[38;2;255;255;255m████[38;2;65;64;71m░[38;2;152;151;166m▒[38;2;140;139;153m▒[38;2;5;5;6m [38;2;0;0;0m                            
[38;2;0;0;0m            [38;2;255;255;255m███[38;2;0;0;0m                  [38;2;255;255;255m███████████[38;2;0;0;0m    [38;2;255;255;255m██████████[38;2;0;0;0m       [38;2;115;153;188m▒[38;2;159;209;255m▓[38;2;117;156;210m▒[38;2;108;145;201m▒[38;2;96;128;178m░[38;2;255;255;255m██████████████[38;2;211;232;232m▓[38;2;190;222;222m▓[38;2;204;230;231m▓[38;2;215;236;238m▓[38;2;208;232;233m▓[38;2;205;231;232m▓[38;2;204;230;231m▓[38;2;191;222;222m▓[38;2;190;222;222m▓▓▓[38;2;0;0;0m  [38;2;128;142;206m▒[38;2;255;255;255m█████████[38;2;163;172;217m▒[38;2;67;94;189m░[38;2;0;0;2m [38;2;172;176;199m▒▒▒[38;2;180;183;203m▒[38;2;175;179;201m▒[38;2;173;177;199m▒▒[38;2;160;164;185m▒[38;2;172;176;199m▒▒[38;2;255;255;255m████████[38;2;0;0;0m      [38;2;255;255;255m█████[38;2;0;0;0m          
[38;2;0;0;0m      [38;2;255;255;255m████████████[38;2;0;0;0m             [38;2;255;255;255m█████████████████████████████[38;2;0;0;0m     [38;2;129;171;209m▒[38;2;159;210;255m▓[38;2;0;0;0m [38;2;255;255;255m███████████████████████████████████████████[38;2;168;172;194m▒[38;2;152;151;166m▒[38;2;131;134;151m▒[38;2;172;176;199m▒▒▒▒[38;2;40;41;47m [38;2;255;255;255m███████████[38;2;0;0;0m [38;2;255;255;255m████████████████[38;2;0;0;0m  
[38;2;0;0;0m  [38;2;255;255;255m██████████████████[38;2;0;0;0m          [38;2;255;255;255m████████████████████████████████[38;2;0;0;0m      [38;2;255;255;255m██████████████████████████████████████████[38;2;254;254;254m▓[38;2;226;218;214m▓[38;2;207;207;207m▓[38;2;255;255;255m███████████████████████████████████[38;2;0;0;0m 
[38;2;0;0;0m [38;2;255;255;255m███████████[38;2;42;191;253m▒▒[38;2;255;255;255m██████████████████████[38;2;42;191;253m▒▒▒▒▒▒▒[38;2;60;196;253m▒[38;2;255;255;255m████[38;2;248;253;255m▓[38;2;42;191;253m▒▒▒▒▒▒▒[38;2;255;255;255m███████[38;2;0;0;0m    [38;2;255;255;255m██████[38;2;42;191;253m▒▒▒▒▒▒▒▒▒▒▒[38;2;66;198;253m▒[38;2;210;241;254m▓[38;2;255;255;255m███████████[38;2;254;254;255m▓[38;2;42;191;253m▒▒▒▒▒▒▒▒▒[38;2;247;252;255m▓[38;2;255;255;255m██[38;2;226;218;214m▓[38;2;255;255;255m█████[38;2;42;191;253m▒▒▒▒▒▒▒▒▒[38;2;43;191;253m▒[38;2;255;255;255m█████████[38;2;160;226;253m▓[38;2;42;191;253m▒[38;2;51;193;253m▒[38;2;171;229;254m▓[38;2;252;254;255m▓[38;2;255;255;255m█████████[38;2;0;0;0m
[38;2;255;255;255m██████[38;2;130;217;253m▓[38;2;42;191;253m▒▒▒▒▒▒▒▒[38;2;255;255;255m████████████████████[38;2;253;254;255m▓[38;2;42;191;253m▒▒▒▒▒▒▒▒[38;2;255;255;255m███[38;2;42;191;253m▒▒▒▒▒▒▒▒▒▒[38;2;255;255;255m███████[38;2;0;0;0m   [38;2;255;255;255m██████[38;2;42;191;253m▒▒▒▒▒▒▒▒▒▒▒▒▒▒▒▒▒[38;2;247;252;254m▓[38;2;42;191;253m▒▒▒▒▒▒▒▒▒▒▒▒▒▒▒▒▒▒[38;2;0;1;2m [38;2;89;205;253m▒[38;2;255;255;255m█████[38;2;42;191;253m▒▒▒▒▒▒▒▒▒▒▒[38;2;255;255;255m████████[38;2;42;191;253m▒▒▒▒▒▒▒▒[38;2;255;255;255m██████[38;2;0;0;0m
[38;2;255;255;255m██████[38;2;42;191;253m▒▒▒▒▒▒▒▒▒▒[38;2;255;255;255m███████████████████[38;2;42;191;253m▒▒▒▒▒▒▒▒▒[38;2;255;255;255m██[38;2;42;191;253m▒▒▒▒▒▒▒▒▒▒▒▒[38;2;254;254;255m▓[38;2;255;255;255m██████[38;2;0;0;0m  [38;2;255;255;255m██████[38;2;42;191;253m▒▒▒▒▒▒▒▒▒▒▒▒▒▒▒▒▒[38;2;255;255;255m█[38;2;42;191;253m▒▒▒▒▒▒▒▒▒▒▒▒▒▒▒▒▒▒▒▒▒[38;2;251;253;255m▓[38;2;255;255;255m███[38;2;42;191;253m▒▒▒▒▒▒▒▒▒▒▒▒[38;2;255;255;255m███████[38;2;42;191;253m▒▒▒▒▒▒▒▒[38;2;255;255;255m██████[38;2;72;92;144m░
[38;2;0;0;0m [38;2;255;255;255m██████[38;2;42;191;253m▒▒▒▒▒▒▒▒▒[38;2;43;191;253m▒[38;2;255;255;255m█████[38;2;42;191;253m▒▒▒▒▒▒▒▒[38;2;255;255;255m█████[38;2;42;191;253m▒▒▒▒▒▒▒▒[38;2;255;255;255m██[38;2;42;191;253m▒▒▒▒▒▒▒▒▒▒▒▒▒▒[38;2;179;232;254m▓[38;2;255;255;255m████████████[38;2;65;198;253m▒[38;2;42;191;253m▒▒▒▒▒▒▒▒▒▒▒▒▒▒▒▒▒[38;2;255;255;255m█[38;2;42;191;253m▒▒▒▒▒▒▒▒▒▒▒▒▒▒▒▒▒▒▒▒▒▒[38;2;219;244;254m▓[38;2;255;255;255m██[38;2;42;191;253m▒▒▒▒▒▒▒▒▒▒▒▒▒[38;2;255;255;255m██████[38;2;42;191;253m▒▒▒▒▒▒▒▒[38;2;255;255;255m██████[38;2;72;92;144m░
[38;2;0;0;0m [38;2;73;93;145m░[38;2;255;255;255m██████[38;2;42;191;253m▒▒▒▒▒▒▒▒▒[38;2;204;239;254m▓[38;2;255;255;255m████[38;2;42;191;253m▒▒▒▒▒▒▒▒[38;2;255;255;255m████[38;2;42;191;253m▒▒▒▒▒▒▒▒▒[38;2;255;255;255m█[38;2;42;191;253m▒▒▒▒▒▒▒▒▒▒▒▒▒▒▒▒▒[38;2;255;255;255m███████████[38;2;42;191;253m▒▒▒▒▒▒▒▒[38;2;191;236;254m▓[38;2;255;255;255m██[38;2;175;231;254m▓[38;2;46;192;253m▒[38;2;42;191;253m▒▒▒▒[38;2;210;241;254m▓[38;2;255;255;255m█[38;2;42;191;253m▒▒▒▒▒▒▒▒[38;2;243;251;255m▓[38;2;255;255;255m█████[38;2;42;191;253m▒▒▒▒▒▒▒▒▒[38;2;255;255;255m██[38;2;42;191;253m▒▒▒▒▒▒▒▒▒▒▒▒▒▒[38;2;255;255;255m████[38;2;142;221;254m▓[38;2;42;191;253m▒▒▒▒▒▒▒[38;2;103;209;253m▒[38;2;255;255;255m█████[38;2;80;99;149m░[38;2;72;92;144m░
[38;2;0;0;0m [38;2;71;91;143m░[38;2;165;175;200m▒[38;2;255;255;255m██████[38;2;42;191;253m▒▒▒▒▒▒▒▒▒[38;2;255;255;255m████[38;2;42;191;253m▒▒▒▒▒▒▒▒▒[38;2;255;255;255m███[38;2;42;191;253m▒▒▒▒▒▒▒▒[38;2;62;197;253m▒[38;2;187;235;254m▓[38;2;42;191;253m▒▒▒▒▒▒▒▒▒▒▒▒▒▒▒▒▒▒[38;2;255;255;255m██████████[38;2;42;191;253m▒▒▒▒▒▒▒▒[38;2;255;255;255m███████████[38;2;42;191;253m▒▒▒▒▒▒▒▒[38;2;176;231;254m▓[38;2;255;255;255m█████[38;2;197;237;254m▓[38;2;42;191;253m▒▒▒▒▒▒▒▒[38;2;255;255;255m██[38;2;42;191;253m▒▒▒▒▒▒▒▒▒▒▒▒▒▒▒[38;2;255;255;255m███[38;2;42;191;253m▒▒▒▒▒▒▒▒[38;2;255;255;255m██████[38;2;72;92;144m░[38;2;79;95;143m░
[38;2;0;0;0m  [38;2;72;92;144m░[38;2;251;252;253m▓[38;2;255;255;255m██████[38;2;42;191;253m▒▒▒▒▒▒▒▒▒[38;2;255;255;255m███[38;2;42;191;253m▒▒▒▒▒▒▒▒▒[38;2;255;255;255m██[38;2;42;191;253m▒▒▒▒▒▒▒▒▒[38;2;255;255;255m█[38;2;42;191;253m▒▒▒▒▒▒▒▒[38;2;136;219;254m▓[38;2;255;255;255m█[38;2;54;195;253m▒[38;2;42;191;253m▒▒▒▒▒▒▒▒▒[38;2;255;255;255m████████[38;2;163;227;253m▓[38;2;42;191;253m▒▒▒▒▒▒▒▒▒▒▒▒▒▒[38;2;77;202;253m▒[38;2;255;255;255m████[38;2;42;191;253m▒▒▒▒▒▒▒▒[38;2;45;191;253m▒[38;2;255;255;255m█████[38;2;42;191;253m▒▒▒▒▒▒▒▒▒[38;2;255;255;255m██[38;2;42;191;253m▒▒▒▒▒▒▒▒[38;2;255;255;255m█[38;2;42;191;253m▒▒▒▒▒▒▒[38;2;255;255;255m██[38;2;42;191;253m▒▒▒▒▒▒▒▒[38;2;255;255;255m██████[38;2;72;92;144m░[38;2;0;0;0m
[38;2;0;0;0m   [38;2;72;92;144m░[38;2;255;255;255m██████[38;2;206;240;254m▓[38;2;42;191;253m▒▒▒▒▒▒▒▒▒[38;2;255;255;255m█[38;2;151;223;254m▓[38;2;42;191;253m▒▒[38;2;42;140;253m░[38;2;42;109;253m░░░░░░░[38;2;255;255;255m█[38;2;42;109;253m░░░░░░░░░░░░░░░[38;2;41;108;252m░░[38;2;40;108;250m░[38;2;255;255;255m███[38;2;132;168;236m▒[38;2;24;120;229m░[38;2;40;185;251m▒[38;2;42;191;253m▒▒▒▒▒▒▒[38;2;255;255;255m███████[38;2;42;191;253m▒▒▒▒▒▒▒▒▒▒▒▒▒▒▒[38;2;255;255;255m█████[38;2;42;191;253m▒▒▒▒▒▒▒▒▒▒▒▒▒▒▒▒▒▒▒▒▒▒[38;2;254;254;255m▓[38;2;255;255;255m██[38;2;42;191;253m▒▒▒▒▒▒▒▒[38;2;255;255;255m██[38;2;42;191;253m▒▒▒▒▒▒▒[38;2;255;255;255m█[38;2;42;182;253m▒[38;2;42;111;253m░[38;2;42;109;253m░░░░░░[38;2;255;255;255m██████[38;2;72;92;144m░[38;2;0;0;0m
[38;2;0;0;0m    [38;2;72;92;144m░[38;2;255;255;255m██████[38;2;49;193;253m▒[38;2;42;191;253m▒▒▒▒[38;2;42;171;253m▒[38;2;42;109;253m░░░░░░░░░░░░░░░░░░░░░░░░[38;2;255;255;255m█[38;2;42;109;253m░░░░░░░░[38;2;255;255;255m█████[38;2;238;243;254m▓[38;2;42;109;253m░░░░░░░░░[38;2;229;237;254m▓[38;2;255;255;255m█████[38;2;42;109;253m░░░░░░░[38;2;42;115;253m░[38;2;42;160;253m▒[38;2;42;191;253m▒▒▒▒▒▒[38;2;255;255;255m█████[38;2;42;191;253m▒▒▒▒▒▒▒▒▒▒▒▒▒▒▒▒▒▒▒▒▒[38;2;247;252;255m▓[38;2;255;255;255m███[38;2;42;191;253m▒▒▒▒▒▒[38;2;42;143;253m░[38;2;42;109;253m░[38;2;255;255;255m███[38;2;42;109;253m░░░░░░░░░░░░░░[38;2;135;172;253m▒[38;2;255;255;255m█████[38;2;75;94;145m░[38;2;72;92;144m░[38;2;0;0;0m
[38;2;0;0;0m     [38;2;72;92;144m░[38;2;255;255;255m██████[38;2;42;109;253m░░░░░░░░░░░░░░░░░░░░░░░░░░░░[38;2;158;189;253m▒[38;2;42;109;253m░░░░░░░░░░░░░░[38;2;255;255;255m█[38;2;254;254;255m▓[38;2;42;109;253m░░░░░░░░░[38;2;48;113;253m░[38;2;255;255;255m███[38;2;235;241;254m▓[38;2;42;109;253m░░░░░░░░[38;2;255;255;255m██[38;2;184;206;254m▓[38;2;42;109;253m░░░[38;2;255;255;255m██████[38;2;42;109;253m░░░░░░░░░░░░░░░░░░░░░░[38;2;50;114;253m░[38;2;255;255;255m██[38;2;42;109;253m░░░░░░░░[38;2;255;255;255m████[38;2;42;109;253m░░░░░░░░░░░░░[38;2;255;255;255m██████[38;2;72;92;144m░[38;2;72;72;145m░[38;2;0;0;0m
[38;2;0;0;0m      [38;2;72;92;144m░[38;2;255;255;255m██████[38;2;42;109;253m░░░░░░░░░░░░░[38;2;226;235;254m▓[38;2;42;109;253m░░░░░░░░░░░░░[38;2;253;254;255m▓[38;2;42;109;253m░░░░░░░░░░░░░░[38;2;255;255;255m███[38;2;42;109;253m░░░░░░░░░░[38;2;255;255;255m██[38;2;42;109;253m░░░░░░░░[38;2;52;116;253m░[38;2;255;255;255m████████████[38;2;116;159;253m▒[38;2;42;109;253m░░░░░░░░[38;2;255;255;255m█[38;2;214;227;255m▓[38;2;193;212;254m▓[38;2;227;236;255m▓[38;2;42;109;253m░░░░░░░░░░░[38;2;255;255;255m█[38;2;42;109;253m░░░░░░░░[38;2;255;255;255m████[38;2;252;253;255m▓[38;2;42;109;253m░░░░░░░░░░░░[38;2;255;255;255m██████[38;2;72;92;144m░[38;2;0;0;0m 
[38;2;0;0;0m      [38;2;72;91;145m░[38;2;72;92;144m░[38;2;255;255;255m██████[38;2;42;109;253m░░░░░░░░░░░░[38;2;255;255;255m██[38;2;42;109;253m░░░░░░░░░░░[38;2;255;255;255m█[38;2;42;109;253m░░░░░░░░░░░░░░░[38;2;255;255;255m████[38;2;42;109;253m░░░░░░░░░░[38;2;255;255;255m█[38;2;42;109;253m░░░░░░░░[38;2;255;255;255m█████████████[38;2;226;235;254m▓[38;2;42;109;253m░░░░░░░░[38;2;255;255;255m█████[38;2;209;223;254m▓[38;2;42;109;253m░░░░░░░░░[38;2;46;112;253m░[38;2;42;109;253m░░░░░░░░[38;2;255;255;255m█████[38;2;207;222;254m▓[38;2;42;109;253m░░░░░░░░░░░[38;2;255;255;255m█████[38;2;245;246;249m▓[38;2;72;92;144m░[38;2;0;0;0m 
[38;2;0;0;0m       [38;2;71;91;144m░[38;2;95;112;158m░[38;2;255;255;255m██████[38;2;42;109;253m░░░░░░░░░░[38;2;255;255;255m███[38;2;42;109;253m░░░░░░░░░░[38;2;255;255;255m██[38;2;42;109;253m░░░░░░░░░░░░░░░[38;2;255;255;255m█████[38;2;42;109;253m░░░░░░░░░[38;2;146;180;254m▒[38;2;42;109;253m░░░░░░░░[38;2;255;255;255m█████████████[38;2;253;254;255m▓[38;2;42;109;253m░░░░░░░░[38;2;255;255;255m███████[38;2;42;109;253m░░░░░░░░░░░░░░░░░[38;2;255;255;255m██████[38;2;61;121;253m░[38;2;42;109;253m░░░░░░░░░[38;2;214;227;254m▓[38;2;255;255;255m█████[38;2;72;92;144m░[38;2;71;91;143m░[38;2;0;0;0m 
[38;2;0;0;0m        [38;2;72;92;144m░[38;2;212;217;229m▓[38;2;255;255;255m██████[38;2;42;109;253m░░░░░░░░[38;2;174;199;254m▓[38;2;255;255;255m████[38;2;42;109;253m░░░░░░░░[38;2;255;255;255m██[38;2;51;115;253m░[38;2;42;109;253m░░░░░░░[38;2;177;202;254m▓[38;2;255;255;255m█████████████[38;2;42;109;253m░░░░[38;2;181;204;254m▓[38;2;255;255;255m███[38;2;251;252;255m▓[38;2;42;109;253m░░░░░░░░[38;2;255;255;255m█████[38;2;253;253;254m▓[38;2;72;92;144m░░[38;2;255;255;255m██████[38;2;42;109;253m░░░░░░░░[38;2;255;255;255m████████[38;2;252;252;255m▓[38;2;42;109;253m░░░░░[38;2;240;244;254m▓[38;2;255;255;255m█[38;2;42;109;253m░░░░░░░░[38;2;255;255;255m███████[38;2;43;110;253m░[38;2;42;109;253m░░░░░░░░[38;2;255;255;255m██████[38;2;72;92;144m░[38;2;0;0;255m [38;2;0;0;0m 
[38;2;0;0;0m         [38;2;72;92;144m░[38;2;255;255;255m███████[38;2;42;109;253m░░░[38;2;62;122;253m░[38;2;108;154;253m▒[38;2;211;225;255m▓[38;2;255;255;255m███████████████████[38;2;195;214;254m▓[38;2;42;109;253m░░░░[38;2;255;255;255m████████████████████████████████████[38;2;72;92;144m░░░[38;2;255;255;255m██████[38;2;42;109;253m░░░░░░░░[38;2;255;255;255m██████████[38;2;251;252;255m▓[38;2;255;255;255m███████████████████████[38;2;94;144;253m▒[38;2;42;109;253m░░░░░[38;2;255;255;255m██████[38;2;72;92;144m░[38;2;0;0;0m  
[38;2;0;0;0m          [38;2;72;92;144m░[38;2;255;255;255m████████████████████████████████████████████[38;2;221;225;234m▓[38;2;74;94;145m░[38;2;255;255;255m█████████████████████████[38;2;90;108;155m░[38;2;72;92;144m░[38;2;0;0;127m [38;2;0;0;0m [38;2;255;255;255m███████████████████████████████████████████████████████████[38;2;72;92;144m░░[38;2;0;0;0m  
[38;2;0;0;0m           [38;2;72;92;144m░[38;2;79;98;148m░[38;2;255;255;255m██████████████████████████████████████[38;2;72;92;144m░░░░░░░[38;2;74;94;145m░[38;2;255;255;255m███████[38;2;90;107;155m░[38;2;72;92;144m░░[38;2;225;228;236m▓[38;2;255;255;255m██████████[38;2;150;161;191m▒[38;2;72;92;144m░░░[38;2;0;0;0m   [38;2;255;255;255m██████████████████[38;2;72;92;144m░[38;2;255;255;255m███████████████████[38;2;194;201;218m▓[38;2;72;92;144m░░[38;2;150;162;192m▒[38;2;255;255;255m███████████████[38;2;72;92;144m░░░[38;2;0;0;0m  
[38;2;0;0;0m            [38;2;72;92;144m░░░░░[38;2;121;136;174m▒[38;2;106;122;164m░[38;2;81;101;150m░[38;2;72;92;144m░░░░░░░░░░░░░░░░░░░░░░[38;2;74;94;145m░[38;2;238;240;244m▓[38;2;255;255;255m████[38;2;184;192;212m▓[38;2;72;92;144m░░░░░░░░░░░░░░░░░░░░░░░░░░░░░░░░░░[38;2;0;0;0m    [38;2;72;92;144m░░[38;2;81;100;149m░[38;2;255;255;255m███████████[38;2;213;217;229m▓[38;2;72;92;144m░░░░░░░░░░░░░░░░░░░░░░░░░░░░░░░░[38;2;78;98;148m░[38;2;201;207;222m▓[38;2;255;255;255m█████[38;2;134;147;181m▒[38;2;72;92;144m░░░░[38;2;0;0;0m   
[38;2;0;0;0m             [38;2;72;92;144m░░░░░░░░░░░░░░░░░░░░░░░░░░░░░░░░░░░░░░░[38;2;0;0;0m       [38;2;72;92;144m░░░░░░░░[38;2;72;92;143m░[38;2;127;127;255m▒[38;2;72;92;144m░░░░░░░░░░░░[38;2;71;91;143m░[38;2;0;0;0m      [38;2;72;92;144m░░░░░░░░░░░░░░░░░[38;2;71;91;143m░[38;2;68;88;147m░[38;2;72;92;144m░░░░░░░░░░░░░░░░░░░░[38;2;0;0;0m  [38;2;72;92;144m░░░░░░░░░░░░░░░░[38;2;0;0;0m    
[38;2;0;0;0m                [38;2;70;92;143m░[38;2;72;92;144m░░░░[38;2;71;92;143m░[38;2;72;92;144m░░[38;2;75;90;150m░[38;2;0;0;0m                 [38;2;72;91;143m░[38;2;72;92;144m░░░░░░░[38;2;0;0;0m                                        [38;2;72;92;144m░░░░░░░░░░░░░[38;2;0;0;0m       [38;2;70;99;141m░[38;2;73;92;143m░[38;2;72;91;145m░[38;2;0;0;0m                    [38;2;69;92;139m░[38;2;71;92;143m░[38;2;72;92;144m░░░░░░░[38;2;71;92;144m░[38;2;0;0;0m      
[0m